,Name,Ranks,y1,y2,r1,r2
0,klarity,1396,2024,2025,2187,791
0,rynlee,1222,2024,2025,1977,755
0,ailanny,963,2024,2025,1895,932
0,naylani,940,2024,2025,1837,897
0,madisson,863,2024,2025,1182,319
0,liora,734,2024,2025,1634,900
0,merritt,707,2024,2025,1410,703
0,jaslyn,663,2024,2025,1659,996
0,kyomi,455,2024,2025,1003,548
0,alara,412,2024,2025,1064,652
0,analeia,406,2024,2025,920,514
0,eliora,395,2024,2025,1309,914
0,kollyns,361,2024,2025,1266,905
0,aubrie,354,2024,2025,999,1353
0,campbell,338,2024,2025,955,617
0,odette,333,2024,2025,1216,883
0,kailany,316,2024,2025,897,581
0,cattleya,308,2024,2025,904,1212
0,kiyomi,281,2024,2025,1046,765
0,jaycee,273,2024,2025,882,1155
0,aylani,269,2024,2025,562,293
0,landry,256,2024,2025,1191,935
0,evelina,249,2024,2025,1027,778
0,zendaya,246,2024,2025,943,1189
0,novalee,234,2024,2025,743,977
0,laken,231,2024,2025,1221,990
0,romy,230,2024,2025,928,698
0,colbie,226,2024,2025,1107,881
0,allyson,225,2024,2025,914,1139
0,meilani,223,2024,2025,814,591
0,alexa,223,2024,2025,806,1029
0,ainsley,221,2024,2025,704,483
0,dayana,219,2024,2025,497,716
0,addilyn,216,2024,2025,772,988
0,natasha,215,2024,2025,933,1148
0,liberty,212,2024,2025,976,1188
0,elara,211,2024,2025,1153,942
0,aleah,209,2024,2025,756,965
0,keily,208,2024,2025,983,1191
0,layan,198,2024,2025,1029,831
0,marjorie,197,2024,2025,822,1019
0,solana,196,2024,2025,691,495
0,aviana,195,2024,2025,692,887
0,andie,195,2024,2025,845,650
0,avani,192,2024,2025,998,806
0,romi,189,2024,2025,1007,818
0,miller,188,2024,2025,759,571
0,icelynn,187,2024,2025,923,1110
0,cynthia,185,2024,2025,829,1014
0,elouise,184,2024,2025,972,788
0,amyra,183,2024,2025,970,1153
0,adalee,182,2024,2025,805,987
0,lettie,179,2024,2025,936,757
0,seraphina,179,2024,2025,779,600
0,lenora,177,2024,2025,716,539
0,paloma,176,2024,2025,969,793
0,lakelynn,176,2024,2025,674,498
0,dafne,174,2024,2025,873,1047
0,tara,173,2024,2025,1020,847
0,elyse,168,2024,2025,750,918
0,kaya,166,2024,2025,967,1133
0,elsa,166,2024,2025,938,1104
0,journi,165,2024,2025,621,786
0,bexley,165,2024,2025,1128,963
0,milena,165,2024,2025,785,950
0,kendra,163,2024,2025,686,849
0,rosalyn,163,2024,2025,888,1051
0,ailani,159,2024,2025,327,168
0,arleth,159,2024,2025,428,269
0,wrenleigh,159,2024,2025,844,685
0,laylani,158,2024,2025,927,769
0,alexia,156,2024,2025,884,1040
0,julietta,155,2024,2025,974,819
0,lilyana,155,2024,2025,895,1050
0,destiny,154,2024,2025,481,635
0,bennett,153,2024,2025,1065,912
0,kaitlyn,152,2024,2025,650,802
0,elani,151,2024,2025,995,844
0,katelyn,151,2024,2025,926,1077
0,anayah,149,2024,2025,1062,913
0,elowyn,148,2024,2025,447,299
0,lottie,148,2024,2025,676,528
0,dior,147,2024,2025,979,1126
0,mariel,147,2024,2025,1040,893
0,jaylani,145,2024,2025,616,471
0,alaiya,143,2024,2025,935,792
0,quincy,142,2024,2025,957,815
0,leylani,142,2024,2025,1113,971
0,celina,142,2024,2025,971,829
0,kelsey,141,2024,2025,673,814
0,amayah,141,2024,2025,700,841
0,jamie,139,2024,2025,719,858
0,maizie,138,2024,2025,1039,901
0,adley,137,2024,2025,668,805
0,brittany,137,2024,2025,791,928
0,ivey,137,2024,2025,789,926
0,skyla,136,2024,2025,850,986
0,andi,135,2024,2025,767,632
0,carly,134,2024,2025,875,1009
0,ezra,133,2024,2025,701,834
0,kaiya,131,2024,2025,863,994
0,elia,129,2024,2025,841,970
0,arisbeth,128,2024,2025,990,862
0,jolie,128,2024,2025,902,1030
0,angela,127,2024,2025,281,408
0,jayla,126,2024,2025,404,530
0,alianna,126,2024,2025,812,938
0,tallulah,125,2024,2025,815,940
0,briana,125,2024,2025,536,661
0,megan,125,2024,2025,764,889
0,yuna,124,2024,2025,1076,952
0,zaylee,123,2024,2025,796,919
0,yaretzi,123,2024,2025,795,672
0,sky,123,2024,2025,826,949
0,briar,122,2024,2025,522,400
0,waverly,122,2024,2025,906,1028
0,darcy,121,2024,2025,978,857
0,stormi,120,2024,2025,790,910
0,yamileth,119,2024,2025,907,1026
0,amelie,118,2024,2025,710,828
0,nalani,117,2024,2025,531,414
0,zaria,117,2024,2025,828,945
0,reya,117,2024,2025,886,1003
0,jayleen,117,2024,2025,981,1098
0,novah,117,2024,2025,889,1006
0,phoenix,115,2024,2025,419,534
0,barbara,115,2024,2025,853,968
0,emi,114,2024,2025,996,882
0,belen,114,2024,2025,671,785
0,dylan,114,2024,2025,694,808
0,kiera,113,2024,2025,984,1097
0,baylor,113,2024,2025,807,694
0,sunday,113,2024,2025,1060,947
0,azari,113,2024,2025,879,766
0,angie,111,2024,2025,594,705
0,julie,110,2024,2025,763,873
0,winifred,110,2024,2025,1033,923
0,amiyah,109,2024,2025,511,620
0,jemma,109,2024,2025,757,866
0,kenzie,108,2024,2025,628,736
0,paris,108,2024,2025,484,592
0,kyra,108,2024,2025,722,830
0,love,108,2024,2025,849,957
0,winona,107,2024,2025,734,627
0,dulce,107,2024,2025,664,771
0,abby,107,2024,2025,624,731
0,analia,106,2024,2025,817,711
0,marcella,106,2024,2025,1054,948
0,leslie,106,2024,2025,606,712
0,monroe,106,2024,2025,573,467
0,jovie,105,2024,2025,626,521
0,jenesis,104,2024,2025,712,816
0,iliana,104,2024,2025,834,730
0,amaris,103,2024,2025,857,754
0,nala,103,2024,2025,753,856
0,emiliana,103,2024,2025,892,789
0,malaysia,103,2024,2025,855,958
0,lavender,102,2024,2025,993,1095
0,ruthie,102,2024,2025,883,781
0,adhara,102,2024,2025,472,370
0,marlowe,102,2024,2025,625,523
0,adrianna,102,2024,2025,770,872
0,janiyah,102,2024,2025,885,783
0,davina,101,2024,2025,648,749
0,keziah,101,2024,2025,868,767
0,paula,101,2024,2025,754,855
0,michaela,101,2024,2025,742,843
0,halo,100,2024,2025,513,613
0,marigold,100,2024,2025,690,590
0,elowen,100,2024,2025,898,798
0,clover,100,2024,2025,617,517
0,sol,99,2024,2025,821,722
0,vienna,98,2024,2025,532,434
0,alondra,97,2024,2025,583,680
0,maren,97,2024,2025,569,472
0,marilyn,96,2024,2025,665,761
0,robin,96,2024,2025,800,704
0,anika,95,2024,2025,860,955
0,ayah,94,2024,2025,964,870
0,khadija,93,2024,2025,1075,982
0,luz,92,2024,2025,747,839
0,salome,91,2024,2025,951,1042
0,journey,91,2024,2025,320,411
0,elliot,90,2024,2025,945,1035
0,arlette,90,2024,2025,584,494
0,jessica,90,2024,2025,575,665
0,bristol,89,2024,2025,639,728
0,angelica,89,2024,2025,619,708
0,alivia,89,2024,2025,395,484
0,corinne,89,2024,2025,1088,999
0,joelle,88,2024,2025,922,1010
0,kallie,88,2024,2025,846,934
0,ailany,87,2024,2025,101,14
0,danna,87,2024,2025,307,394
0,haley,86,2024,2025,775,861
0,jream,86,2024,2025,604,518
0,naya,86,2024,2025,899,813
0,amiri,86,2024,2025,878,964
0,colette,85,2024,2025,401,316
0,cordelia,85,2024,2025,1066,981
0,lakelyn,85,2024,2025,758,673
0,maddie,85,2024,2025,842,927
0,azaria,85,2024,2025,723,638
0,theodora,85,2024,2025,811,726
0,blake,85,2024,2025,210,295
0,honey,85,2024,2025,931,846
0,raina,84,2024,2025,1000,916
0,kori,84,2024,2025,894,978
0,darla,84,2024,2025,1025,941
0,amari,84,2024,2025,296,380
0,londyn,83,2024,2025,305,388
0,kara,83,2024,2025,992,1075
0,tru,83,2024,2025,891,974
0,zelda,83,2024,2025,749,832
0,marceline,82,2024,2025,506,424
0,mckenzie,82,2024,2025,494,576
0,rowyn,82,2024,2025,781,699
0,daleyza,81,2024,2025,457,538
0,cali,81,2024,2025,493,574
0,aubree,81,2024,2025,408,489
0,rosalina,80,2024,2025,761,681
0,raelyn,80,2024,2025,422,502
0,lyanna,79,2024,2025,956,877
0,murphy,79,2024,2025,476,397
0,azalea,79,2024,2025,357,278
0,ari,79,2024,2025,535,614
0,aileen,79,2024,2025,720,799
0,rivka,78,2024,2025,707,629
0,mya,78,2024,2025,366,444
0,bailee,78,2024,2025,991,1069
0,madilynn,76,2024,2025,784,860
0,emely,76,2024,2025,427,503
0,scottie,76,2024,2025,202,126
0,london,76,2024,2025,355,431
0,everlee,75,2024,2025,470,545
0,yara,75,2024,2025,582,507
0,kinley,74,2024,2025,618,692
0,sloan,74,2024,2025,766,840
0,sylvie,74,2024,2025,356,282
0,birdie,74,2024,2025,744,670
0,kayleigh,73,2024,2025,731,804
0,winnie,73,2024,2025,548,475
0,arlet,72,2024,2025,714,642
0,marisol,72,2024,2025,739,667
0,scout,72,2024,2025,925,997
0,vada,72,2024,2025,958,886
0,karla,71,2024,2025,732,803
0,loretta,71,2024,2025,677,606
0,beatrice,71,2024,2025,579,508
0,ashlyn,71,2024,2025,901,972
0,violette,71,2024,2025,965,894
0,demi,71,2024,2025,452,381
0,lorelai,70,2024,2025,403,333
0,makenna,70,2024,2025,523,593
0,anaya,70,2024,2025,406,336
0,kira,70,2024,2025,455,385
0,royalty,69,2024,2025,713,782
0,katie,69,2024,2025,577,646
0,micah,69,2024,2025,840,909
0,priscilla,69,2024,2025,613,544
0,tilly,69,2024,2025,954,885
0,mikaela,69,2024,2025,968,1037
0,estelle,68,2024,2025,641,573
0,heaven,68,2024,2025,475,543
0,rayna,68,2024,2025,728,796
0,harlee,68,2024,2025,980,1048
0,soleil,67,2024,2025,825,758
0,indigo,67,2024,2025,921,854
0,dani,67,2024,2025,680,747
0,anaiah,66,2024,2025,919,853
0,linda,66,2024,2025,836,902
0,arden,66,2024,2025,1041,975
0,lexi,65,2024,2025,563,628
0,neriah,65,2024,2025,827,762
0,christina,65,2024,2025,705,770
0,salma,65,2024,2025,872,937
0,kamila,65,2024,2025,292,357
0,fiona,65,2024,2025,405,470
0,dream,65,2024,2025,367,432
0,bellamy,64,2024,2025,861,797
0,chelsea,64,2024,2025,787,851
0,ensley,64,2024,2025,909,845
0,nicole,64,2024,2025,319,383
0,selah,63,2024,2025,279,216
0,cassidy,63,2024,2025,478,541
0,elaine,63,2024,2025,368,305
0,makenzie,63,2024,2025,637,700
0,ainara,63,2024,2025,961,898
0,jolene,63,2024,2025,603,666
0,marleigh,63,2024,2025,913,976
0,noah,63,2024,2025,561,624
0,julieta,62,2024,2025,347,285
0,eileen,62,2024,2025,592,654
0,yusra,62,2024,2025,959,1021
0,elodie,62,2024,2025,372,310
0,kinslee,62,2024,2025,1018,956
0,blaire,62,2024,2025,446,384
0,maelynn,61,2024,2025,994,1055
0,sylvia,61,2024,2025,361,300
0,arely,60,2024,2025,924,984
0,sydney,60,2024,2025,288,348
0,payton,59,2024,2025,381,440
0,izabella,59,2024,2025,505,564
0,leona,58,2024,2025,487,429
0,maisy,58,2024,2025,803,745
0,dalia,58,2024,2025,858,800
0,ariya,58,2024,2025,557,615
0,kassidy,57,2024,2025,982,1039
0,macy,57,2024,2025,663,720
0,gabrielle,57,2024,2025,576,633
0,frances,57,2024,2025,375,318
0,sariah,57,2024,2025,1008,951
0,nola,57,2024,2025,765,822
0,rory,57,2024,2025,287,230
0,giana,56,2024,2025,865,921
0,jazmin,56,2024,2025,654,710
0,ariel,56,2024,2025,300,356
0,emberly,56,2024,2025,632,688
0,lilia,56,2024,2025,915,859
0,michelle,56,2024,2025,409,465
0,denver,56,2024,2025,780,836
0,kimberly,56,2024,2025,247,303
0,leighton,55,2024,2025,397,342
0,xyla,55,2024,2025,818,763
0,siya,55,2024,2025,934,879
0,mylah,55,2024,2025,550,605
0,kaylani,55,2024,2025,240,185
0,aura,54,2024,2025,871,817
0,alyssa,54,2024,2025,399,453
0,romina,54,2024,2025,477,531
0,milan,54,2024,2025,699,753
0,carter,54,2024,2025,508,454
0,jazlyn,54,2024,2025,591,537
0,zuri,54,2024,2025,275,329
0,kataleya,53,2024,2025,512,459
0,emberlynn,53,2024,2025,876,929
0,kylee,53,2024,2025,823,876
0,regina,53,2024,2025,342,395
0,imani,53,2024,2025,526,579
0,lilianna,53,2024,2025,944,891
0,nylah,53,2024,2025,451,504
0,alexis,53,2024,2025,501,554
0,zyla,53,2024,2025,900,953
0,giovanna,52,2024,2025,930,878
0,skye,52,2024,2025,480,532
0,holland,52,2024,2025,602,550
0,selene,52,2024,2025,675,623
0,legacy,52,2024,2025,610,662
0,noor,52,2024,2025,711,659
0,annalise,52,2024,2025,461,409
0,jazmine,52,2024,2025,941,993
0,finley,52,2024,2025,363,415
0,hana,51,2024,2025,709,658
0,ariah,51,2024,2025,585,636
0,nadia,51,2024,2025,514,565
0,nancy,51,2024,2025,916,967
0,zora,51,2024,2025,918,969
0,fernanda,51,2024,2025,500,551
0,roselyn,51,2024,2025,1030,979
0,antonella,51,2024,2025,233,284
0,helena,51,2024,2025,414,363
0,samira,51,2024,2025,774,723
0,lauren,50,2024,2025,351,401
0,cheyenne,50,2024,2025,870,920
0,andrea,50,2024,2025,185,235
0,miley,50,2024,2025,388,338
0,taylor,50,2024,2025,353,403
0,angel,50,2024,2025,496,546
0,kaliyah,50,2024,2025,442,392
0,august,50,2024,2025,912,962
0,rosemary,50,2024,2025,301,251
0,hattie,50,2024,2025,384,334
0,maddison,49,2024,2025,488,439
0,charleigh,49,2024,2025,762,811
0,blair,49,2024,2025,218,169
0,calliope,48,2024,2025,499,451
0,jane,48,2024,2025,269,221
0,eve,48,2024,2025,567,519
0,lara,48,2024,2025,741,693
0,kalani,48,2024,2025,339,387
0,raegan,47,2024,2025,459,506
0,lyra,47,2024,2025,482,435
0,martha,47,2024,2025,666,713
0,teresa,47,2024,2025,864,911
0,nayeli,47,2024,2025,318,271
0,violeta,47,2024,2025,688,641
0,guinevere,47,2024,2025,946,899
0,bonnie,47,2024,2025,443,396
0,sasha,46,2024,2025,638,684
0,greta,46,2024,2025,862,908
0,veda,46,2024,2025,693,739
0,matilda,46,2024,2025,411,365
0,adele,46,2024,2025,797,751
0,amaia,46,2024,2025,601,555
0,jordan,46,2024,2025,538,584
0,julianna,46,2024,2025,352,398
0,mira,45,2024,2025,380,335
0,mariella,45,2024,2025,988,943
0,ocean,45,2024,2025,832,787
0,lyric,45,2024,2025,595,640
0,alena,45,2024,2025,752,707
0,sienna,45,2024,2025,139,94
0,jordyn,45,2024,2025,326,371
0,esme,45,2024,2025,343,298
0,poppy,45,2024,2025,337,292
0,elianna,45,2024,2025,263,218
0,brinley,44,2024,2025,564,608
0,luella,44,2024,2025,824,780
0,malani,44,2024,2025,330,374
0,alessia,44,2024,2025,282,326
0,aurelia,44,2024,2025,334,290
0,adriana,44,2024,2025,322,366
0,etta,43,2024,2025,973,930
0,soraya,43,2024,2025,911,868
0,madilyn,43,2024,2025,421,464
0,ashlynn,43,2024,2025,1023,980
0,iyla,43,2024,2025,568,525
0,cecelia,42,2024,2025,571,529
0,jennifer,42,2024,2025,544,586
0,wynter,42,2024,2025,415,457
0,valery,42,2024,2025,786,744
0,vanessa,42,2024,2025,335,377
0,ryleigh,42,2024,2025,302,344
0,amani,42,2024,2025,636,678
0,yasmin,42,2024,2025,917,959
0,emmie,42,2024,2025,737,695
0,laila,42,2024,2025,371,413
0,adelyn,41,2024,2025,314,355
0,winter,41,2024,2025,385,426
0,journee,41,2024,2025,217,258
0,daniella,41,2024,2025,509,468
0,brianna,41,2024,2025,181,222
0,adalyn,41,2024,2025,219,260
0,melissa,41,2024,2025,379,420
0,ana,41,2024,2025,204,245
0,judith,41,2024,2025,831,790
0,jimena,41,2024,2025,537,578
0,henley,41,2024,2025,960,1001
0,aylin,41,2024,2025,386,345
0,zainab,41,2024,2025,851,810
0,fallon,41,2024,2025,738,779
0,lylah,40,2024,2025,545,585
0,hadassah,40,2024,2025,530,570
0,simone,40,2024,2025,1038,998
0,anais,40,2024,2025,852,892
0,khloe,40,2024,2025,232,272
0,averie,40,2024,2025,661,701
0,mallory,40,2024,2025,412,372
0,ashley,40,2024,2025,124,164
0,oaklyn,40,2024,2025,597,637
0,avianna,40,2024,2025,555,595
0,remy,40,2024,2025,681,721
0,florence,40,2024,2025,431,391
0,april,40,2024,2025,502,542
0,kahlani,40,2024,2025,835,875
0,alisson,40,2024,2025,551,511
0,maryam,40,2024,2025,391,351
0,natalia,39,2024,2025,105,144
0,renata,39,2024,2025,520,481
0,sabrina,39,2024,2025,360,321
0,norah,39,2024,2025,223,262
0,hunter,39,2024,2025,881,842
0,celia,39,2024,2025,735,774
0,ila,39,2024,2025,679,718
0,meadow,39,2024,2025,325,286
0,oakleigh,39,2024,2025,629,668
0,bianca,38,2024,2025,462,500
0,nataly,38,2024,2025,869,907
0,marina,38,2024,2025,640,602
0,camilla,38,2024,2025,323,361
0,malaya,38,2024,2025,813,775
0,arianna,38,2024,2025,196,234
0,maliyah,38,2024,2025,588,626
0,flora,38,2024,2025,645,607
0,melany,38,2024,2025,437,399
0,amora,38,2024,2025,285,247
0,frankie,38,2024,2025,590,552
0,viviana,38,2024,2025,369,331
0,ramona,38,2024,2025,771,733
0,luisa,37,2024,2025,866,903
0,emerie,37,2024,2025,516,553
0,helen,37,2024,2025,425,462
0,tiffany,37,2024,2025,843,880
0,jaliyah,37,2024,2025,801,838
0,adelina,37,2024,2025,341,304
0,lilliana,36,2024,2025,410,446
0,rayne,36,2024,2025,942,906
0,karsyn,36,2024,2025,755,719
0,louisa,36,2024,2025,733,697
0,marley,36,2024,2025,286,322
0,hope,35,2024,2025,317,352
0,coraline,35,2024,2025,718,683
0,mariah,35,2024,2025,413,448
0,hayden,35,2024,2025,402,437
0,armani,35,2024,2025,527,562
0,macie,35,2024,2025,473,438
0,kaylee,35,2024,2025,220,255
0,lucille,35,2024,2025,274,239
0,reyna,35,2024,2025,559,594
0,veronica,35,2024,2025,392,427
0,morgan,35,2024,2025,277,312
0,mckenna,34,2024,2025,376,410
0,angelina,34,2024,2025,313,347
0,haisley,34,2024,2025,445,479
0,erin,34,2024,2025,799,833
0,aila,34,2024,2025,793,827
0,emerald,33,2024,2025,708,741
0,aliya,33,2024,2025,856,823
0,georgina,33,2024,2025,656,689
0,sevyn,33,2024,2025,608,575
0,miranda,33,2024,2025,623,656
0,skylar,33,2024,2025,134,167
0,gemma,33,2024,2025,203,170
0,blakely,33,2024,2025,158,191
0,kenna,33,2024,2025,726,759
0,ayleen,33,2024,2025,830,863
0,kyla,33,2024,2025,547,580
0,gwendolyn,33,2024,2025,393,360
0,elsie,32,2024,2025,155,123
0,annika,32,2024,2025,963,995
0,paige,32,2024,2025,378,346
0,nevaeh,32,2024,2025,133,165
0,lana,32,2024,2025,374,406
0,liana,32,2024,2025,418,386
0,saige,32,2024,2025,448,480
0,akira,31,2024,2025,952,983
0,dallas,30,2024,2025,657,687
0,amy,30,2024,2025,227,257
0,lennox,30,2024,2025,687,717
0,cleo,30,2024,2025,607,577
0,everleigh,30,2024,2025,164,194
0,charley,30,2024,2025,730,760
0,peyton,30,2024,2025,169,199
0,mikayla,30,2024,2025,778,748
0,nia,30,2024,2025,672,702
0,alora,29,2024,2025,224,195
0,hallie,29,2024,2025,149,120
0,emerson,29,2024,2025,151,122
0,aleia,29,2024,2025,962,933
0,melina,29,2024,2025,631,660
0,reina,29,2024,2025,553,582
0,ivory,29,2024,2025,407,378
0,edith,29,2024,2025,528,499
0,milana,29,2024,2025,783,812
0,kali,28,2024,2025,295,323
0,trinity,28,2024,2025,400,428
0,mae,28,2024,2025,529,501
0,jacqueline,28,2024,2025,586,558
0,mackenzie,28,2024,2025,200,228
0,carmen,28,2024,2025,417,389
0,charli,28,2024,2025,524,496
0,elise,28,2024,2025,251,223
0,xiomara,28,2024,2025,435,463
0,anne,28,2024,2025,647,619
0,kayla,28,2024,2025,336,364
0,ada,28,2024,2025,191,219
0,goldie,28,2024,2025,649,621
0,bethany,27,2024,2025,725,752
0,maia,27,2024,2025,460,433
0,braelynn,27,2024,2025,810,837
0,olive,27,2024,2025,170,197
0,rosie,27,2024,2025,310,283
0,alia,27,2024,2025,560,587
0,pearl,27,2024,2025,804,777
0,noa,27,2024,2025,253,226
0,bella,27,2024,2025,109,136
0,savannah,27,2024,2025,108,135
0,gwen,27,2024,2025,698,725
0,aniyah,27,2024,2025,458,485
0,emelia,27,2024,2025,574,601
0,bailey,27,2024,2025,182,209
0,makayla,26,2024,2025,542,568
0,dahlia,26,2024,2025,241,215
0,kimber,26,2024,2025,910,936
0,aliyah,26,2024,2025,237,263
0,opal,26,2024,2025,449,423
0,ariana,26,2024,2025,102,128
0,palmer,26,2024,2025,258,232
0,amirah,26,2024,2025,464,490
0,paislee,26,2024,2025,643,669
0,delaney,26,2024,2025,216,242
0,ellianna,26,2024,2025,669,643
0,evangeline,26,2024,2025,173,147
0,phoebe,26,2024,2025,183,157
0,mckinley,26,2024,2025,740,714
0,marlee,26,2024,2025,510,536
0,alejandra,26,2024,2025,578,604
0,zoya,25,2024,2025,977,1002
0,samantha,25,2024,2025,126,151
0,malka,25,2024,2025,986,1011
0,brylee,25,2024,2025,1017,992
0,giuliana,25,2024,2025,890,915
0,kamryn,25,2024,2025,581,556
0,elisa,25,2024,2025,433,458
0,rhea,25,2024,2025,614,639
0,margot,25,2024,2025,127,102
0,louise,25,2024,2025,541,516
0,clare,25,2024,2025,949,924
0,myla,24,2024,2025,186,210
0,carolina,24,2024,2025,429,405
0,danielle,24,2024,2025,525,549
0,elina,24,2024,2025,788,764
0,brynn,24,2024,2025,383,407
0,miracle,24,2024,2025,468,492
0,kennedi,24,2024,2025,685,709
0,aspyn,24,2024,2025,893,869
0,keilani,24,2024,2025,751,727
0,janelle,24,2024,2025,777,801
0,faye,24,2024,2025,539,515
0,siena,24,2024,2025,634,610
0,jianna,24,2024,2025,997,973
0,giselle,24,2024,2025,358,382
0,halle,24,2024,2025,572,596
0,zayla,23,2024,2025,989,1012
0,joanna,23,2024,2025,329,306
0,gracie,23,2024,2025,250,227
0,kailani,23,2024,2025,276,253
0,zariyah,23,2024,2025,622,645
0,ariyah,23,2024,2025,344,367
0,amara,23,2024,2025,121,98
0,karina,23,2024,2025,773,750
0,selena,23,2024,2025,245,268
0,maisie,23,2024,2025,256,233
0,esmeralda,23,2024,2025,350,373
0,meredith,23,2024,2025,492,469
0,stephanie,23,2024,2025,534,557
0,capri,23,2024,2025,570,547
0,johanna,23,2024,2025,848,871
0,dakota,23,2024,2025,273,296
0,khaleesi,23,2024,2025,667,690
0,zara,22,2024,2025,234,212
0,alma,22,2024,2025,471,449
0,maxine,22,2024,2025,519,497
0,lilith,22,2024,2025,255,277
0,amoura,22,2024,2025,549,527
0,kiana,22,2024,2025,721,743
0,harley,22,2024,2025,396,418
0,liv,22,2024,2025,874,896
0,daniela,22,2024,2025,280,302
0,alicia,22,2024,2025,438,460
0,eleanora,22,2024,2025,887,865
0,lennon,21,2024,2025,235,214
0,shiloh,21,2024,2025,260,281
0,camryn,21,2024,2025,456,477
0,mabel,21,2024,2025,222,201
0,adalynn,21,2024,2025,163,184
0,vera,21,2024,2025,226,205
0,azariah,21,2024,2025,651,630
0,aleena,21,2024,2025,678,657
0,joy,21,2024,2025,440,419
0,malia,21,2024,2025,328,349
0,ariella,21,2024,2025,195,174
0,celine,21,2024,2025,228,207
0,alayna,21,2024,2025,311,332
0,amber,20,2024,2025,540,520
0,scarlet,20,2024,2025,490,510
0,sierra,20,2024,2025,596,616
0,sarahi,20,2024,2025,937,917
0,sunny,20,2024,2025,370,390
0,isabela,20,2024,2025,644,664
0,valerie,20,2024,2025,147,127
0,mercy,20,2024,2025,847,867
0,lila,20,2024,2025,207,187
0,oaklee,20,2024,2025,515,535
0,laura,20,2024,2025,359,379
0,melanie,20,2024,2025,122,142
0,livia,19,2024,2025,839,820
0,maci,19,2024,2025,792,773
0,araceli,19,2024,2025,727,746
0,ember,19,2024,2025,135,154
0,indie,19,2024,2025,653,634
0,athena,19,2024,2025,90,109
0,gia,19,2024,2025,268,287
0,charlee,19,2024,2025,398,417
0,anya,19,2024,2025,394,375
0,gabriela,19,2024,2025,298,317
0,juliette,19,2024,2025,129,110
0,keyla,19,2024,2025,802,821
0,sarai,19,2024,2025,444,425
0,virginia,19,2024,2025,507,526
0,brooklynn,19,2024,2025,469,488
0,mariana,18,2024,2025,243,261
0,gracelynn,18,2024,2025,424,442
0,clementine,18,2024,2025,474,456
0,adelaide,18,2024,2025,271,289
0,reign,18,2024,2025,434,452
0,itzel,18,2024,2025,377,359
0,elle,18,2024,2025,479,461
0,luciana,18,2024,2025,291,273
0,bridget,18,2024,2025,706,724
0,sutton,17,2024,2025,198,181
0,catalina,17,2024,2025,128,111
0,genevieve,17,2024,2025,165,148
0,alessandra,17,2024,2025,426,443
0,emmeline,17,2024,2025,939,922
0,myra,17,2024,2025,646,663
0,raven,17,2024,2025,387,404
0,elisabeth,17,2024,2025,908,925
0,lena,17,2024,2025,262,279
0,rowan,17,2024,2025,266,249
0,alani,17,2024,2025,178,161
0,della,17,2024,2025,580,563
0,keira,17,2024,2025,605,622
0,wren,17,2024,2025,214,231
0,natalie,16,2024,2025,73,89
0,anahi,16,2024,2025,466,482
0,addison,16,2024,2025,68,84
0,aliza,16,2024,2025,659,675
0,inaya,16,2024,2025,760,776
0,chana,16,2024,2025,670,686
0,irene,16,2024,2025,635,651
0,harlow,16,2024,2025,293,309
0,freya,16,2024,2025,160,176
0,tatum,16,2024,2025,205,189
0,kendall,16,2024,2025,312,328
0,alexandra,16,2024,2025,221,237
0,cassandra,16,2024,2025,615,631
0,collins,16,2024,2025,257,241
0,emersyn,16,2024,2025,154,138
0,ellis,15,2024,2025,697,682
0,kelly,15,2024,2025,867,852
0,jessie,15,2024,2025,809,824
0,allie,15,2024,2025,554,569
0,daphne,15,2024,2025,193,178
0,taytum,15,2024,2025,717,732
0,eloise,15,2024,2025,64,49
0,clara,15,2024,2025,78,63
0,lucia,15,2024,2025,98,83
0,julia,15,2024,2025,116,131
0,marianna,15,2024,2025,859,874
0,cecilia,15,2024,2025,123,108
0,leanna,15,2024,2025,905,890
0,kylie,15,2024,2025,189,204
0,lea,15,2024,2025,833,848
0,marie,15,2024,2025,633,618
0,laney,15,2024,2025,689,674
0,zariah,14,2024,2025,436,450
0,fatima,14,2024,2025,316,330
0,saylor,14,2024,2025,231,217
0,aubrey,14,2024,2025,132,146
0,ainhoa,14,2024,2025,947,961
0,magnolia,14,2024,2025,138,124
0,octavia,14,2024,2025,294,308
0,kathryn,14,2024,2025,715,729
0,madalyn,14,2024,2025,932,946
0,millie,14,2024,2025,87,73
0,eva,14,2024,2025,120,134
0,sage,14,2024,2025,146,160
0,adaline,14,2024,2025,194,208
0,luna,14,2024,2025,13,27
0,madeleine,14,2024,2025,441,455
0,aya,14,2024,2025,630,644
0,evie,14,2024,2025,284,270
0,mariam,14,2024,2025,491,505
0,amalia,14,2024,2025,552,566
0,monica,13,2024,2025,724,737
0,elaina,13,2024,2025,254,267
0,maria,13,2024,2025,74,87
0,harmoni,13,2024,2025,987,1000
0,lorelei,13,2024,2025,454,441
0,anna,13,2024,2025,94,107
0,cielo,13,2024,2025,808,795
0,kaeli,13,2024,2025,769,756
0,margo,13,2024,2025,546,559
0,brynlee,13,2024,2025,230,243
0,elliott,13,2024,2025,612,599
0,kaia,13,2024,2025,180,193
0,tiana,13,2024,2025,611,598
0,melody,12,2024,2025,91,79
0,logan,12,2024,2025,390,402
0,ryan,12,2024,2025,703,715
0,magdalena,12,2024,2025,838,850
0,karter,12,2024,2025,1001,989
0,lia,12,2024,2025,188,200
0,sloane,12,2024,2025,153,141
0,serenity,12,2024,2025,117,129
0,harmony,12,2024,2025,264,276
0,vivienne,12,2024,2025,184,172
0,arielle,12,2024,2025,498,486
0,mina,12,2024,2025,609,597
0,felicity,12,2024,2025,485,473
0,aadhya,12,2024,2025,948,960
0,valentina,12,2024,2025,47,35
0,alaina,12,2024,2025,212,224
0,amaya,12,2024,2025,168,180
0,molly,12,2024,2025,208,196
0,nellie,12,2024,2025,521,533
0,rylee,12,2024,2025,125,137
0,ivanna,11,2024,2025,556,567
0,sara,11,2024,2025,187,198
0,georgia,11,2024,2025,110,99
0,alison,11,2024,2025,465,476
0,haven,11,2024,2025,201,190
0,rosalia,11,2024,2025,598,609
0,maya,11,2024,2025,51,62
0,juniper,11,2024,2025,111,100
0,leyla,11,2024,2025,600,611
0,wrenley,11,2024,2025,148,159
0,iris,11,2024,2025,72,61
0,esther,11,2024,2025,130,119
0,noelle,11,2024,2025,213,202
0,brooklyn,11,2024,2025,107,118
0,kate,11,2024,2025,533,522
0,briella,11,2024,2025,373,362
0,jade,11,2024,2025,84,95
0,navy,11,2024,2025,338,327
0,alexandria,11,2024,2025,463,474
0,skyler,11,2024,2025,660,671
0,treasure,11,2024,2025,820,809
0,katherine,11,2024,2025,175,186
0,chaya,11,2024,2025,599,588
0,samara,11,2024,2025,309,320
0,genesis,11,2024,2025,55,66
0,isabel,10,2024,2025,167,177
0,deborah,10,2024,2025,854,864
0,summer,10,2024,2025,142,152
0,elora,10,2024,2025,364,354
0,kamiyah,10,2024,2025,975,985
0,aliana,10,2024,2025,593,603
0,rebecca,10,2024,2025,340,350
0,ayra,10,2024,2025,929,939
0,gianna,10,2024,2025,23,33
0,catherine,10,2024,2025,324,314
0,alanna,10,2024,2025,290,280
0,milani,10,2024,2025,278,288
0,cora,10,2024,2025,103,113
0,zoey,10,2024,2025,59,69
0,drew,10,2024,2025,696,706
0,mila,10,2024,2025,33,43
0,annie,10,2024,2025,192,182
0,everly,10,2024,2025,81,91
0,aisha,9,2024,2025,346,337
0,autumn,9,2024,2025,79,88
0,celeste,9,2024,2025,197,188
0,katalina,9,2024,2025,439,430
0,brynleigh,9,2024,2025,798,807
0,nyomi,9,2024,2025,816,825
0,rosa,9,2024,2025,662,653
0,emily,9,2024,2025,25,34
0,dorothy,9,2024,2025,430,421
0,amina,9,2024,2025,306,315
0,abigail,9,2024,2025,32,41
0,shelby,9,2024,2025,658,649
0,lilly,9,2024,2025,261,252
0,hadlee,9,2024,2025,940,931
0,ximena,9,2024,2025,174,183
0,lucy,9,2024,2025,34,25
0,teagan,9,2024,2025,332,341
0,juliet,9,2024,2025,283,274
0,kiara,9,2024,2025,238,229
0,indy,8,2024,2025,776,768
0,eliana,8,2024,2025,18,10
0,lacey,8,2024,2025,746,738
0,leila,8,2024,2025,267,259
0,tessa,8,2024,2025,303,311
0,berkley,8,2024,2025,880,888
0,emmy,8,2024,2025,453,445
0,leia,8,2024,2025,289,297
0,camila,8,2024,2025,11,19
0,ayla,8,2024,2025,69,77
0,francesca,8,2024,2025,315,307
0,penny,8,2024,2025,748,740
0,kinsley,8,2024,2025,85,93
0,lainey,8,2024,2025,38,30
0,estrella,8,2024,2025,620,612
0,hanna,8,2024,2025,504,512
0,margaret,7,2024,2025,119,112
0,isla,7,2024,2025,35,28
0,charlie,7,2024,2025,140,133
0,nyla,7,2024,2025,229,236
0,lina,7,2024,2025,565,572
0,arabella,7,2024,2025,206,213
0,lillie,7,2024,2025,683,676
0,jasmine,7,2024,2025,199,206
0,sadie,7,2024,2025,57,50
0,nova,7,2024,2025,39,46
0,rebekah,7,2024,2025,877,884
0,promise,7,2024,2025,819,826
0,whitley,7,2024,2025,684,677
0,thalia,7,2024,2025,655,648
0,sawyer,6,2024,2025,297,291
0,serena,6,2024,2025,331,325
0,leilany,6,2024,2025,702,696
0,paisley,6,2024,2025,61,67
0,lisa,6,2024,2025,985,991
0,josie,6,2024,2025,88,82
0,alina,6,2024,2025,136,130
0,faith,6,2024,2025,248,254
0,victoria,6,2024,2025,48,54
0,penelope,6,2024,2025,28,22
0,saanvi,6,2024,2025,950,944
0,estella,6,2024,2025,503,509
0,alaya,6,2024,2025,362,368
0,madelynn,6,2024,2025,518,524
0,astrid,6,2024,2025,382,376
0,madelyn,6,2024,2025,65,71
0,aaliyah,6,2024,2025,95,101
0,emory,6,2024,2025,333,339
0,stevie,6,2024,2025,209,203
0,hadley,6,2024,2025,115,121
0,rosalie,6,2024,2025,177,171
0,mary,6,2024,2025,131,125
0,riley,6,2024,2025,42,48
0,leilani,6,2024,2025,66,60
0,avery,6,2024,2025,31,37
0,lily,6,2024,2025,24,18
0,river,5,2024,2025,215,220
0,lydia,5,2024,2025,97,92
0,rylie,5,2024,2025,483,478
0,madeline,5,2024,2025,86,81
0,mavis,5,2024,2025,566,561
0,heidi,5,2024,2025,345,340
0,madison,5,2024,2025,45,40
0,sophie,5,2024,2025,60,55
0,talia,5,2024,2025,270,265
0,laurel,5,2024,2025,729,734
0,scarlett,5,2024,2025,27,32
0,isabelle,5,2024,2025,171,166
0,galilea,5,2024,2025,642,647
0,alaia,5,2024,2025,112,117
0,maggie,5,2024,2025,299,294
0,brooke,5,2024,2025,308,313
0,amira,5,2024,2025,137,132
0,leah,5,2024,2025,53,58
0,ophelia,5,2024,2025,259,264
0,vivian,5,2024,2025,77,72
0,annabelle,5,2024,2025,348,343
0,freyja,4,2024,2025,768,772
0,raya,4,2024,2025,365,369
0,hannah,4,2024,2025,52,56
0,jocelyn,4,2024,2025,389,393
0,salem,4,2024,2025,432,436
0,holly,4,2024,2025,420,416
0,piper,4,2024,2025,159,155
0,remington,4,2024,2025,517,513
0,harper,4,2024,2025,12,16
0,allison,4,2024,2025,99,103
0,audrey,4,2024,2025,82,86
0,reagan,4,2024,2025,244,248
0,wrenlee,4,2024,2025,354,358
0,juliana,4,2024,2025,252,256
0,billie,4,2024,2025,695,691
0,alayah,4,2024,2025,416,412
0,emery,4,2024,2025,70,74
0,rachel,4,2024,2025,246,250
0,noemi,4,2024,2025,587,583
0,caroline,4,2024,2025,92,96
0,kennedy,4,2024,2025,89,85
0,thea,4,2024,2025,349,353
0,elena,4,2024,2025,46,42
0,hailey,4,2024,2025,100,104
0,ivy,3,2024,2025,36,39
0,miriam,3,2024,2025,249,246
0,oaklynn,3,2024,2025,156,153
0,naomi,3,2024,2025,44,47
0,chloe,3,2024,2025,20,23
0,alana,3,2024,2025,143,140
0,adelynn,3,2024,2025,450,447
0,evelynn,3,2024,2025,304,301
0,raelynn,3,2024,2025,113,116
0,stella,3,2024,2025,49,52
0,eliza,3,2024,2025,118,115
0,sarah,3,2024,2025,93,90
0,anastasia,3,2024,2025,166,163
0,lillian,3,2024,2025,54,57
0,kensley,3,2024,2025,745,742
0,zahra,3,2024,2025,543,540
0,jenna,3,2024,2025,682,679
0,arya,3,2024,2025,161,158
0,gloria,3,2024,2025,652,655
0,ellie,3,2024,2025,21,24
0,nina,3,2024,2025,321,324
0,lola,3,2024,2025,272,275
0,willow,3,2024,2025,41,44
0,josephine,3,2024,2025,56,53
0,lyla,3,2024,2025,83,80
0,ruby,2,2024,2025,62,64
0,reese,2,2024,2025,190,192
0,cataleya,2,2024,2025,236,238
0,lilian,2,2024,2025,558,560
0,june,2,2024,2025,152,150
0,parker,2,2024,2025,104,106
0,zoe,2,2024,2025,29,31
0,violet,2,2024,2025,15,13
0,hazel,2,2024,2025,19,21
0,emilia,2,2024,2025,43,45
0,liliana,2,2024,2025,80,78
0,diana,2,2024,2025,242,244
0,ava,2,2024,2025,9,11
0,charlotte,2,2024,2025,4,2
0,alice,2,2024,2025,63,65
0,kora,2,2024,2025,489,491
0,sariyah,2,2024,2025,627,625
0,zaniyah,2,2024,2025,837,835
0,elliana,2,2024,2025,141,139
0,amanda,2,2024,2025,495,493
0,grace,2,2024,2025,40,38
0,eleanor,2,2024,2025,14,12
0,paulina,2,2024,2025,782,784
0,nora,2,2024,2025,22,20
0,cameron,1,2024,2025,486,487
0,mia,1,2024,2025,5,6
0,eden,1,2024,2025,71,70
0,sofia,1,2024,2025,10,9
0,adeline,1,2024,2025,58,59
0,emma,1,2024,2025,2,3
0,camille,1,2024,2025,239,240
0,callie,1,2024,2025,176,175
0,aspen,1,2024,2025,265,266
0,sophia,1,2024,2025,6,5
0,claire,1,2024,2025,67,68
0,ruth,1,2024,2025,172,173
0,rosalee,1,2024,2025,953,954
0,khalani,1,2024,2025,903,904
0,gabriella,1,2024,2025,106,105
0,persephone,1,2024,2025,736,735
0,quinn,1,2024,2025,96,97
0,gracelyn,1,2024,2025,467,466
0,chandler,1,2024,2025,896,895
0,layla,1,2024,2025,37,36
0,willa,1,2024,2025,423,422
0,amelia,1,2024,2025,3,4
0,ella,1,2024,2025,30,29
0,delilah,1,2024,2025,50,51
0,oakley,1,2024,2025,157,156
0,daisy,1,2024,2025,76,75
0,maeve,1,2024,2025,75,76
0,aurora,1,2024,2025,16,15
0,brielle,1,2024,2025,144,143
0,kehlani,1,2024,2025,150,149
0,remi,0,2024,2025,145,145
0,isabella,0,2024,2025,7,7
0,aria,0,2024,2025,26,26
0,presley,0,2024,2025,225,225
0,rose,0,2024,2025,114,114
0,evelyn,0,2024,2025,8,8
0,mara,0,2024,2025,589,589
0,aitana,0,2024,2025,211,211
0,elizabeth,0,2024,2025,17,17
0,yareli,0,2024,2025,794,794
0,olivia,0,2024,2025,1,1
0,mazie,0,2024,2025,966,966
0,valeria,0,2024,2025,162,162
0,lilah,0,2024,2025,179,179
