,Name,Ranks,y1,y2,r1,r2
0,kasai,1108,2024,2025,1747,639
0,akari,1089,2024,2025,1631,542
0,eziah,789,2024,2025,1399,610
0,jasai,775,2024,2025,1214,439
0,neithan,656,2024,2025,1379,723
0,kael,573,2024,2025,1476,903
0,landry,389,2024,2025,1385,996
0,haziel,383,2024,2025,1178,795
0,syaire,322,2024,2025,1261,939
0,brewer,305,2024,2025,1109,804
0,kyaire,287,2024,2025,654,367
0,scottie,283,2024,2025,1192,909
0,eiden,273,2024,2025,810,537
0,coast,265,2024,2025,1140,875
0,karim,263,2024,2025,821,1084
0,kaycen,241,2024,2025,1215,974
0,khaza,236,2024,2025,963,1199
0,kolter,235,2024,2025,835,600
0,khai,232,2024,2025,947,1179
0,landen,230,2024,2025,815,1045
0,barron,229,2024,2025,1019,790
0,seven,228,2024,2025,894,1122
0,denim,227,2024,2025,1107,880
0,kyren,224,2024,2025,808,584
0,chozen,219,2024,2025,742,523
0,azlan,219,2024,2025,1197,978
0,truce,218,2024,2025,992,774
0,yadiel,215,2024,2025,1054,839
0,kaleo,203,2024,2025,1101,898
0,eitan,195,2024,2025,1116,921
0,nixon,194,2024,2025,867,1061
0,castiel,192,2024,2025,817,1009
0,aslan,190,2024,2025,1050,860
0,zen,188,2024,2025,956,1144
0,frankie,188,2024,2025,1110,922
0,dangelo,187,2024,2025,967,1154
0,zaylen,186,2024,2025,886,1072
0,damir,186,2024,2025,796,982
0,neythan,186,2024,2025,1112,926
0,quentin,184,2024,2025,784,968
0,kaysen,182,2024,2025,597,415
0,darren,181,2024,2025,954,1135
0,landyn,178,2024,2025,948,1126
0,foster,177,2024,2025,1078,901
0,koah,172,2024,2025,1084,912
0,izan,171,2024,2025,713,884
0,drake,168,2024,2025,659,827
0,crue,168,2024,2025,629,797
0,bryer,165,2024,2025,869,704
0,kylian,164,2024,2025,460,624
0,macklin,163,2024,2025,1161,998
0,cain,162,2024,2025,980,1142
0,hollis,161,2024,2025,1055,894
0,ermias,160,2024,2025,986,1146
0,campbell,159,2024,2025,923,764
0,trenton,157,2024,2025,885,1042
0,benson,157,2024,2025,436,279
0,allan,156,2024,2025,857,1013
0,anders,152,2024,2025,832,984
0,ozias,151,2024,2025,859,708
0,ira,150,2024,2025,972,822
0,reign,149,2024,2025,623,772
0,gage,149,2024,2025,824,973
0,ander,143,2024,2025,585,728
0,dilan,143,2024,2025,662,805
0,watson,143,2024,2025,868,1011
0,quinton,143,2024,2025,833,976
0,kase,142,2024,2025,973,1115
0,henrik,140,2024,2025,920,1060
0,kreed,139,2024,2025,1075,936
0,veer,139,2024,2025,1081,942
0,cassian,138,2024,2025,617,479
0,grey,138,2024,2025,876,1014
0,kaizen,138,2024,2025,502,364
0,callahan,137,2024,2025,364,227
0,conor,137,2024,2025,708,845
0,gatlin,137,2024,2025,889,1026
0,avyaan,136,2024,2025,722,858
0,agastya,133,2024,2025,1062,929
0,lochlan,133,2024,2025,777,644
0,azaiah,133,2024,2025,882,749
0,caius,133,2024,2025,1060,927
0,nael,132,2024,2025,1037,905
0,ulises,131,2024,2025,912,1043
0,aurelius,131,2024,2025,1122,991
0,stone,129,2024,2025,1045,916
0,eithan,129,2024,2025,226,97
0,ocean,128,2024,2025,592,720
0,truett,127,2024,2025,648,521
0,blaine,127,2024,2025,1119,992
0,cal,127,2024,2025,670,543
0,montgomery,126,2024,2025,1088,962
0,nazir,125,2024,2025,946,1071
0,toby,123,2024,2025,1102,979
0,darwin,122,2024,2025,839,961
0,dario,121,2024,2025,639,760
0,jefferson,121,2024,2025,710,831
0,eliezer,121,2024,2025,1014,893
0,ricky,121,2024,2025,828,949
0,boaz,120,2024,2025,1011,891
0,elio,119,2024,2025,507,388
0,jethro,117,2024,2025,1070,953
0,braylon,116,2024,2025,732,848
0,brycen,116,2024,2025,752,868
0,ayan,115,2024,2025,877,762
0,evren,114,2024,2025,971,857
0,yisroel,113,2024,2025,939,826
0,kingsley,113,2024,2025,983,1096
0,cedric,111,2024,2025,940,1051
0,boone,111,2024,2025,534,423
0,sutton,110,2024,2025,442,332
0,joe,110,2024,2025,884,994
0,azai,110,2024,2025,919,809
0,kellan,110,2024,2025,921,1031
0,kobe,109,2024,2025,410,519
0,brock,108,2024,2025,702,810
0,soren,107,2024,2025,571,464
0,riggs,107,2024,2025,669,776
0,dimitri,107,2024,2025,994,1101
0,mccoy,105,2024,2025,911,806
0,calum,105,2024,2025,904,799
0,ishaan,104,2024,2025,999,895
0,loyal,104,2024,2025,879,983
0,marcello,104,2024,2025,1004,900
0,arian,103,2024,2025,862,965
0,byron,103,2024,2025,878,981
0,marcellus,103,2024,2025,951,1054
0,neo,102,2024,2025,964,1066
0,kaisen,102,2024,2025,902,800
0,dash,101,2024,2025,955,1056
0,lucca,101,2024,2025,526,425
0,fisher,101,2024,2025,892,791
0,rene,101,2024,2025,991,1092
0,ezrah,100,2024,2025,814,914
0,corey,100,2024,2025,678,778
0,benedict,100,2024,2025,914,814
0,matthias,100,2024,2025,472,372
0,matheo,100,2024,2025,851,751
0,jasiel,99,2024,2025,782,683
0,baker,98,2024,2025,315,217
0,osiris,98,2024,2025,979,1077
0,trey,98,2024,2025,792,890
0,adler,98,2024,2025,969,871
0,lionel,97,2024,2025,562,659
0,alec,97,2024,2025,880,977
0,ford,96,2024,2025,570,474
0,mylo,95,2024,2025,642,737
0,robin,94,2024,2025,799,705
0,aurelio,94,2024,2025,775,681
0,kolson,93,2024,2025,794,887
0,beck,93,2024,2025,1006,913
0,leandro,92,2024,2025,498,406
0,flynn,92,2024,2025,736,828
0,yahya,91,2024,2025,707,616
0,brixton,91,2024,2025,653,744
0,isa,91,2024,2025,1024,933
0,elian,90,2024,2025,237,147
0,atreus,90,2024,2025,492,582
0,langston,90,2024,2025,910,1000
0,alfonso,90,2024,2025,922,1012
0,emmitt,90,2024,2025,680,770
0,arjun,90,2024,2025,580,490
0,kamden,90,2024,2025,628,718
0,josias,89,2024,2025,1039,950
0,lachlan,89,2024,2025,695,606
0,bridger,89,2024,2025,790,701
0,kenji,88,2024,2025,856,944
0,rocky,88,2024,2025,656,568
0,maurice,88,2024,2025,932,1020
0,major,88,2024,2025,582,670
0,valentin,88,2024,2025,748,660
0,lian,87,2024,2025,515,428
0,aryan,87,2024,2025,785,872
0,melvin,87,2024,2025,872,959
0,caspian,86,2024,2025,577,491
0,asaiah,85,2024,2025,858,773
0,raylan,85,2024,2025,717,802
0,rey,85,2024,2025,823,908
0,roger,85,2024,2025,749,834
0,shlomo,84,2024,2025,965,1049
0,palmer,84,2024,2025,1079,995
0,alessio,83,2024,2025,950,867
0,vance,83,2024,2025,997,1080
0,kannon,83,2024,2025,987,904
0,conner,83,2024,2025,781,864
0,gerardo,83,2024,2025,595,678
0,laith,82,2024,2025,978,896
0,benicio,82,2024,2025,754,672
0,eddie,82,2024,2025,943,861
0,emanuel,81,2024,2025,493,574
0,agustin,81,2024,2025,871,952
0,otis,81,2024,2025,733,652
0,jrue,81,2024,2025,898,817
0,eliseo,80,2024,2025,630,550
0,heath,80,2024,2025,852,932
0,jase,80,2024,2025,637,717
0,rudy,79,2024,2025,818,739
0,brodie,78,2024,2025,961,1039
0,eden,78,2024,2025,466,544
0,azrael,78,2024,2025,734,656
0,jakai,77,2024,2025,646,569
0,azriel,76,2024,2025,605,529
0,zeke,76,2024,2025,727,803
0,jayson,76,2024,2025,624,700
0,rayden,75,2024,2025,758,833
0,zyair,74,2024,2025,685,759
0,jedidiah,74,2024,2025,802,876
0,andy,74,2024,2025,491,565
0,travis,74,2024,2025,360,434
0,tyson,74,2024,2025,457,531
0,coleson,74,2024,2025,918,844
0,omari,74,2024,2025,613,687
0,keaton,74,2024,2025,845,771
0,tommy,73,2024,2025,731,658
0,jiraiya,73,2024,2025,917,990
0,rex,72,2024,2025,787,859
0,teddy,72,2024,2025,895,823
0,amiri,72,2024,2025,532,604
0,ronnie,72,2024,2025,995,1067
0,axton,72,2024,2025,834,906
0,dominick,72,2024,2025,550,622
0,bodie,71,2024,2025,346,275
0,zavier,71,2024,2025,966,1037
0,guillermo,71,2024,2025,831,902
0,cayson,71,2024,2025,764,835
0,santos,70,2024,2025,836,766
0,kyle,70,2024,2025,439,509
0,erik,70,2024,2025,476,546
0,abdiel,70,2024,2025,677,607
0,evander,70,2024,2025,768,698
0,miller,69,2024,2025,438,369
0,junior,69,2024,2025,683,752
0,eliam,68,2024,2025,381,313
0,armani,68,2024,2025,427,495
0,issac,68,2024,2025,847,915
0,true,68,2024,2025,982,1050
0,aziel,68,2024,2025,254,186
0,oziel,68,2024,2025,1065,997
0,alberto,68,2024,2025,751,819
0,eugene,68,2024,2025,875,943
0,colten,67,2024,2025,899,966
0,dillon,67,2024,2025,863,930
0,devon,66,2024,2025,962,1028
0,kolton,66,2024,2025,528,594
0,shepherd,65,2024,2025,311,246
0,colsen,65,2024,2025,631,566
0,cayden,65,2024,2025,349,414
0,kasen,65,2024,2025,549,484
0,moises,64,2024,2025,523,587
0,chosen,64,2024,2025,619,555
0,westyn,64,2024,2025,788,724
0,bjorn,63,2024,2025,766,829
0,king,63,2024,2025,342,405
0,ronald,63,2024,2025,575,638
0,arden,63,2024,2025,942,1005
0,murphy,62,2024,2025,816,754
0,mustafa,61,2024,2025,822,761
0,colter,61,2024,2025,218,157
0,jesiah,61,2024,2025,804,865
0,bryce,61,2024,2025,296,357
0,kenai,61,2024,2025,774,713
0,aron,61,2024,2025,772,711
0,braylen,60,2024,2025,665,725
0,camilo,60,2024,2025,525,585
0,clark,60,2024,2025,437,377
0,van,59,2024,2025,913,972
0,yosef,59,2024,2025,606,665
0,rhys,59,2024,2025,353,412
0,gian,59,2024,2025,897,956
0,koen,58,2024,2025,681,623
0,kabir,58,2024,2025,941,999
0,porter,58,2024,2025,618,560
0,jon,58,2024,2025,893,951
0,anakin,58,2024,2025,590,648
0,bode,58,2024,2025,806,748
0,kendrick,58,2024,2025,477,535
0,elisha,57,2024,2025,846,789
0,alessandro,57,2024,2025,554,497
0,caiden,57,2024,2025,545,602
0,hendrix,57,2024,2025,297,354
0,halo,57,2024,2025,988,931
0,jaxton,56,2024,2025,611,667
0,banks,56,2024,2025,366,310
0,makari,56,2024,2025,974,918
0,roland,56,2024,2025,664,608
0,karson,56,2024,2025,397,453
0,shiloh,56,2024,2025,334,278
0,jaiden,55,2024,2025,563,618
0,bowen,55,2024,2025,321,266
0,trevor,55,2024,2025,625,680
0,curtis,55,2024,2025,930,985
0,trace,55,2024,2025,703,758
0,maximus,55,2024,2025,331,276
0,thaddeus,55,2024,2025,853,798
0,samir,54,2024,2025,589,643
0,ayaan,54,2024,2025,519,465
0,musa,54,2024,2025,524,470
0,phoenix,54,2024,2025,275,329
0,gregory,54,2024,2025,539,593
0,sean,54,2024,2025,435,489
0,jireh,53,2024,2025,934,881
0,creed,53,2024,2025,610,663
0,koda,53,2024,2025,464,411
0,shepard,53,2024,2025,945,892
0,waylen,52,2024,2025,797,849
0,dane,52,2024,2025,873,821
0,royal,52,2024,2025,424,476
0,callan,52,2024,2025,242,190
0,pedro,52,2024,2025,403,455
0,amias,52,2024,2025,694,642
0,dominik,52,2024,2025,1038,986
0,makai,52,2024,2025,533,481
0,memphis,52,2024,2025,588,640
0,massimo,51,2024,2025,887,938
0,conrad,51,2024,2025,468,417
0,dax,51,2024,2025,641,692
0,blake,51,2024,2025,265,316
0,yahir,51,2024,2025,765,816
0,zayd,51,2024,2025,684,633
0,ledger,51,2024,2025,503,554
0,kieran,51,2024,2025,440,389
0,marshall,51,2024,2025,391,340
0,jeremias,51,2024,2025,803,854
0,paxton,50,2024,2025,288,338
0,vihaan,50,2024,2025,960,910
0,ozzy,50,2024,2025,599,549
0,yaakov,50,2024,2025,975,1025
0,brayan,50,2024,2025,718,768
0,aspen,50,2024,2025,970,920
0,boden,50,2024,2025,819,769
0,ariel,49,2024,2025,509,558
0,arturo,49,2024,2025,578,627
0,leland,49,2024,2025,543,494
0,ameer,49,2024,2025,931,980
0,harlan,49,2024,2025,666,617
0,casen,49,2024,2025,793,842
0,killian,48,2024,2025,370,418
0,shimon,48,2024,2025,915,963
0,gavin,48,2024,2025,255,303
0,ty,48,2024,2025,861,813
0,jaime,48,2024,2025,609,657
0,mitchell,48,2024,2025,906,954
0,carlo,47,2024,2025,916,869
0,jahmir,47,2024,2025,773,726
0,rylan,47,2024,2025,369,416
0,everest,47,2024,2025,843,796
0,damon,47,2024,2025,454,501
0,benny,47,2024,2025,888,841
0,alvin,47,2024,2025,791,838
0,kyler,47,2024,2025,357,404
0,nelson,47,2024,2025,778,825
0,moshe,46,2024,2025,482,436
0,vicente,46,2024,2025,635,589
0,sylas,46,2024,2025,486,440
0,prince,46,2024,2025,401,447
0,idris,46,2024,2025,740,694
0,tomas,46,2024,2025,737,691
0,jensen,46,2024,2025,328,282
0,kylen,46,2024,2025,925,879
0,oakley,46,2024,2025,408,454
0,shmuel,45,2024,2025,968,923
0,isael,45,2024,2025,944,989
0,jamie,45,2024,2025,622,577
0,frank,45,2024,2025,469,514
0,marcelo,45,2024,2025,444,399
0,salem,45,2024,2025,634,679
0,keith,45,2024,2025,756,801
0,samson,45,2024,2025,522,477
0,santana,44,2024,2025,811,855
0,xander,44,2024,2025,215,259
0,harlem,44,2024,2025,1015,971
0,ayden,44,2024,2025,213,257
0,noel,44,2024,2025,434,478
0,colson,44,2024,2025,355,311
0,kenzo,44,2024,2025,586,630
0,jamir,44,2024,2025,548,592
0,jones,44,2024,2025,855,811
0,kayce,44,2024,2025,419,375
0,zechariah,44,2024,2025,900,856
0,shawn,44,2024,2025,638,682
0,cillian,44,2024,2025,463,507
0,kylan,44,2024,2025,535,579
0,ben,43,2024,2025,800,843
0,casper,43,2024,2025,881,924
0,jonas,43,2024,2025,556,599
0,rowen,43,2024,2025,445,488
0,luciano,43,2024,2025,348,305
0,edison,43,2024,2025,827,870
0,finley,43,2024,2025,290,333
0,amos,43,2024,2025,687,730
0,finnley,42,2024,2025,715,757
0,sage,42,2024,2025,414,456
0,nathanael,42,2024,2025,674,632
0,dakari,42,2024,2025,795,837
0,cristian,42,2024,2025,320,362
0,darius,42,2024,2025,746,788
0,salvatore,42,2024,2025,903,945
0,tristan,42,2024,2025,267,309
0,rocco,42,2024,2025,501,459
0,malcolm,42,2024,2025,314,272
0,zakai,41,2024,2025,604,563
0,gianni,41,2024,2025,483,524
0,julio,41,2024,2025,600,641
0,dutton,41,2024,2025,738,779
0,jerry,41,2024,2025,866,907
0,bradley,41,2024,2025,362,403
0,douglas,41,2024,2025,848,807
0,nasir,41,2024,2025,446,487
0,wilder,41,2024,2025,390,431
0,cannon,41,2024,2025,763,722
0,alfredo,40,2024,2025,780,820
0,alijah,40,2024,2025,429,469
0,dustin,40,2024,2025,689,729
0,rhodes,40,2024,2025,615,575
0,callum,40,2024,2025,158,118
0,meir,40,2024,2025,908,948
0,mario,40,2024,2025,398,438
0,vincenzo,40,2024,2025,714,674
0,aries,39,2024,2025,700,661
0,zamir,39,2024,2025,741,780
0,mohammad,39,2024,2025,601,562
0,princeton,39,2024,2025,614,653
0,royce,39,2024,2025,461,500
0,brayden,39,2024,2025,190,229
0,sergio,39,2024,2025,402,441
0,quincy,38,2024,2025,692,654
0,jorge,38,2024,2025,285,323
0,nico,38,2024,2025,212,174
0,julius,38,2024,2025,386,424
0,corbin,38,2024,2025,474,512
0,sonny,38,2024,2025,336,298
0,westley,38,2024,2025,657,619
0,yitzchok,38,2024,2025,949,911
0,ryatt,38,2024,2025,753,715
0,westin,37,2024,2025,726,689
0,sevyn,37,2024,2025,660,697
0,salvador,37,2024,2025,719,756
0,jaylen,37,2024,2025,324,361
0,derrick,37,2024,2025,813,850
0,brian,37,2024,2025,302,339
0,israel,37,2024,2025,278,315
0,mathew,37,2024,2025,938,975
0,jagger,36,2024,2025,849,885
0,legend,36,2024,2025,157,193
0,marcos,36,2024,2025,481,517
0,bruno,36,2024,2025,704,740
0,kameron,36,2024,2025,430,466
0,callen,36,2024,2025,480,516
0,josue,36,2024,2025,294,330
0,abner,36,2024,2025,838,874
0,mack,36,2024,2025,499,463
0,bodhi,36,2024,2025,301,265
0,jake,36,2024,2025,421,457
0,zev,35,2024,2025,901,866
0,adonis,35,2024,2025,206,241
0,zaiden,35,2024,2025,574,609
0,johan,35,2024,2025,537,572
0,fernando,35,2024,2025,352,387
0,pierce,35,2024,2025,540,505
0,enoch,34,2024,2025,712,746
0,layne,34,2024,2025,696,662
0,jakari,34,2024,2025,647,613
0,leonard,34,2024,2025,671,637
0,lawson,34,2024,2025,415,381
0,justin,34,2024,2025,199,233
0,aarav,34,2024,2025,676,710
0,izael,34,2024,2025,801,767
0,shane,34,2024,2025,602,636
0,eduardo,33,2024,2025,377,410
0,beaux,33,2024,2025,1003,970
0,erick,33,2024,2025,333,366
0,leonel,33,2024,2025,317,350
0,wesson,33,2024,2025,952,919
0,teo,33,2024,2025,761,794
0,scott,33,2024,2025,567,534
0,forrest,33,2024,2025,407,374
0,aldo,33,2024,2025,993,960
0,bellamy,33,2024,2025,688,721
0,tanner,32,2024,2025,443,475
0,devin,32,2024,2025,516,548
0,darian,32,2024,2025,896,928
0,apollo,32,2024,2025,413,445
0,azariah,32,2024,2025,504,472
0,zaire,32,2024,2025,471,503
0,kyro,32,2024,2025,643,611
0,avery,32,2024,2025,259,291
0,daxton,32,2024,2025,411,379
0,finnegan,32,2024,2025,494,526
0,colby,32,2024,2025,583,615
0,jeffrey,32,2024,2025,520,552
0,brandon,31,2024,2025,230,261
0,abram,31,2024,2025,711,742
0,felipe,31,2024,2025,924,955
0,charlie,31,2024,2025,176,145
0,dexter,31,2024,2025,724,693
0,archie,31,2024,2025,332,301
0,wells,31,2024,2025,378,347
0,houston,31,2024,2025,706,675
0,mauricio,31,2024,2025,633,664
0,wayne,31,2024,2025,686,655
0,preston,31,2024,2025,330,299
0,kason,31,2024,2025,566,597
0,kaiser,31,2024,2025,805,836
0,francis,30,2024,2025,450,420
0,forest,30,2024,2025,720,750
0,ellis,30,2024,2025,273,243
0,denver,30,2024,2025,488,518
0,hugh,30,2024,2025,762,732
0,hector,30,2024,2025,379,409
0,connor,30,2024,2025,136,166
0,zachariah,30,2024,2025,568,538
0,quinn,30,2024,2025,497,467
0,ismael,29,2024,2025,234,263
0,bryan,29,2024,2025,307,336
0,orlando,29,2024,2025,844,873
0,reuben,29,2024,2025,860,889
0,yael,29,2024,2025,789,818
0,jax,29,2024,2025,313,342
0,kaiden,29,2024,2025,208,237
0,franklin,29,2024,2025,388,359
0,briggs,29,2024,2025,327,356
0,clay,29,2024,2025,544,573
0,tyler,29,2024,2025,191,220
0,cody,29,2024,2025,289,318
0,joan,29,2024,2025,1016,987
0,cash,29,2024,2025,316,287
0,rohan,29,2024,2025,841,812
0,alexis,29,2024,2025,484,513
0,wes,28,2024,2025,744,716
0,cruz,28,2024,2025,303,331
0,rory,28,2024,2025,227,199
0,kylo,28,2024,2025,374,402
0,sincere,28,2024,2025,603,631
0,keegan,28,2024,2025,593,621
0,morgan,28,2024,2025,531,559
0,jasiah,28,2024,2025,470,498
0,wilson,28,2024,2025,645,673
0,edgar,28,2024,2025,458,486
0,jordan,27,2024,2025,104,131
0,alex,27,2024,2025,205,232
0,fabian,27,2024,2025,441,468
0,martin,27,2024,2025,308,335
0,javier,27,2024,2025,247,274
0,bear,27,2024,2025,826,853
0,jamison,27,2024,2025,759,786
0,stefan,27,2024,2025,996,1023
0,kareem,27,2024,2025,675,702
0,jaden,27,2024,2025,394,421
0,marvin,27,2024,2025,672,699
0,jaziel,27,2024,2025,225,198
0,kayson,27,2024,2025,291,264
0,izaiah,27,2024,2025,608,635
0,kingston,27,2024,2025,177,204
0,atlas,26,2024,2025,101,75
0,jeremy,26,2024,2025,266,292
0,kaison,26,2024,2025,514,540
0,raphael,26,2024,2025,420,394
0,peyton,26,2024,2025,658,684
0,seth,26,2024,2025,555,581
0,derek,26,2024,2025,258,284
0,hugo,26,2024,2025,404,378
0,zayne,26,2024,2025,447,473
0,tony,25,2024,2025,809,784
0,lucian,25,2024,2025,487,462
0,dereck,25,2024,2025,663,688
0,yusuf,25,2024,2025,475,450
0,titus,25,2024,2025,383,358
0,remi,25,2024,2025,812,787
0,mathias,25,2024,2025,337,312
0,phillip,25,2024,2025,626,651
0,tru,25,2024,2025,616,591
0,beckett,25,2024,2025,166,141
0,ruben,25,2024,2025,505,480
0,adriel,25,2024,2025,109,84
0,lennox,25,2024,2025,264,289
0,kevin,25,2024,2025,196,221
0,noa,25,2024,2025,981,1006
0,enrique,25,2024,2025,546,571
0,sullivan,25,2024,2025,339,314
0,joziah,25,2024,2025,990,1015
0,sterling,25,2024,2025,371,346
0,davis,24,2024,2025,644,668
0,blaze,24,2024,2025,757,781
0,alan,24,2024,2025,167,191
0,jalen,24,2024,2025,467,443
0,cade,24,2024,2025,272,248
0,mohamed,24,2024,2025,551,527
0,spencer,24,2024,2025,384,360
0,marcel,24,2024,2025,755,731
0,ryland,24,2024,2025,730,706
0,leroy,24,2024,2025,864,888
0,chance,24,2024,2025,418,442
0,odin,24,2024,2025,478,502
0,pablo,24,2024,2025,406,430
0,cesar,24,2024,2025,361,385
0,kaden,24,2024,2025,304,328
0,kohen,23,2024,2025,319,296
0,isaias,23,2024,2025,449,426
0,louie,23,2024,2025,573,596
0,winston,23,2024,2025,405,382
0,miguel,23,2024,2025,189,212
0,koa,23,2024,2025,292,269
0,judson,23,2024,2025,957,934
0,warren,23,2024,2025,263,240
0,cooper,23,2024,2025,50,27
0,skyler,23,2024,2025,760,783
0,hassan,23,2024,2025,649,626
0,alden,22,2024,2025,576,598
0,ramon,22,2024,2025,830,852
0,karter,22,2024,2025,248,270
0,damari,22,2024,2025,936,958
0,russell,22,2024,2025,367,345
0,raul,22,2024,2025,612,634
0,lennon,22,2024,2025,786,808
0,lance,22,2024,2025,840,862
0,yousef,22,2024,2025,767,745
0,juan,22,2024,2025,137,159
0,zachary,22,2024,2025,194,216
0,greyson,22,2024,2025,127,149
0,yeshua,22,2024,2025,985,1007
0,simon,21,2024,2025,251,230
0,landon,21,2024,2025,106,127
0,layton,21,2024,2025,693,714
0,riley,21,2024,2025,229,208
0,baylor,21,2024,2025,365,386
0,zander,21,2024,2025,376,397
0,eric,21,2024,2025,252,273
0,abdullah,20,2024,2025,783,763
0,krew,20,2024,2025,581,601
0,bennett,20,2024,2025,60,40
0,dariel,20,2024,2025,347,327
0,yehuda,20,2024,2025,721,741
0,brantley,20,2024,2025,479,499
0,manuel,20,2024,2025,351,371
0,kane,20,2024,2025,431,451
0,remington,20,2024,2025,287,307
0,wallace,20,2024,2025,984,964
0,cole,20,2024,2025,162,182
0,walter,19,2024,2025,271,252
0,niko,19,2024,2025,344,325
0,maximiliano,19,2024,2025,299,280
0,jameson,19,2024,2025,118,137
0,malakai,19,2024,2025,232,213
0,tucker,19,2024,2025,200,181
0,zyaire,19,2024,2025,298,317
0,chase,19,2024,2025,173,192
0,romeo,19,2024,2025,283,302
0,christian,19,2024,2025,77,96
0,zane,19,2024,2025,305,324
0,jaxon,19,2024,2025,96,115
0,lukas,19,2024,2025,269,288
0,stetson,19,2024,2025,155,136
0,emiliano,19,2024,2025,113,94
0,jericho,19,2024,2025,905,886
0,clayton,18,2024,2025,318,300
0,andre,18,2024,2025,350,368
0,reese,18,2024,2025,621,603
0,angelo,18,2024,2025,286,304
0,taylor,18,2024,2025,667,685
0,chandler,18,2024,2025,735,753
0,magnus,18,2024,2025,747,765
0,zyon,18,2024,2025,929,947
0,arthur,18,2024,2025,105,87
0,keanu,17,2024,2025,632,649
0,archer,17,2024,2025,115,98
0,marco,17,2024,2025,387,370
0,jason,17,2024,2025,148,165
0,fletcher,17,2024,2025,564,547
0,donald,17,2024,2025,673,690
0,kai,17,2024,2025,76,93
0,roberto,17,2024,2025,553,570
0,ali,17,2024,2025,323,306
0,dean,17,2024,2025,142,125
0,zaid,16,2024,2025,661,677
0,edwin,16,2024,2025,382,398
0,raiden,16,2024,2025,448,432
0,francisco,16,2024,2025,306,322
0,roy,16,2024,2025,541,525
0,noe,16,2024,2025,771,755
0,kyree,16,2024,2025,798,782
0,barrett,16,2024,2025,187,171
0,kace,16,2024,2025,1000,1016
0,chaim,16,2024,2025,682,666
0,holden,16,2024,2025,281,297
0,alonso,16,2024,2025,769,785
0,kian,16,2024,2025,417,401
0,kaleb,16,2024,2025,279,295
0,uriel,16,2024,2025,462,446
0,tate,16,2024,2025,210,194
0,emerson,16,2024,2025,270,254
0,raymond,15,2024,2025,380,395
0,aiden,15,2024,2025,47,62
0,madden,15,2024,2025,691,676
0,rowdy,15,2024,2025,926,941
0,nash,15,2024,2025,240,255
0,clyde,15,2024,2025,728,743
0,malachi,15,2024,2025,149,134
0,jamari,15,2024,2025,561,576
0,weston,15,2024,2025,70,55
0,joaquin,15,2024,2025,340,355
0,saint,15,2024,2025,282,267
0,carlos,15,2024,2025,135,150
0,tadeo,15,2024,2025,412,427
0,jaxson,15,2024,2025,171,156
0,cyrus,15,2024,2025,253,268
0,rio,15,2024,2025,517,532
0,moses,15,2024,2025,500,515
0,dalton,15,2024,2025,433,448
0,gustavo,15,2024,2025,640,625
0,bentley,14,2024,2025,201,215
0,patrick,14,2024,2025,221,235
0,luis,14,2024,2025,130,144
0,cassius,14,2024,2025,569,583
0,neil,14,2024,2025,865,851
0,cohen,14,2024,2025,239,225
0,rhett,14,2024,2025,174,188
0,dante,14,2024,2025,322,308
0,aidan,14,2024,2025,312,326
0,adan,14,2024,2025,496,482
0,hamza,14,2024,2025,527,541
0,gunnar,14,2024,2025,598,612
0,jaxxon,14,2024,2025,807,793
0,carmelo,13,2024,2025,699,712
0,ahmed,13,2024,2025,690,703
0,diego,13,2024,2025,145,158
0,joey,13,2024,2025,890,877
0,knox,13,2024,2025,209,196
0,cairo,13,2024,2025,354,341
0,ernesto,13,2024,2025,891,878
0,louis,13,2024,2025,236,249
0,amari,13,2024,2025,172,185
0,maverick,13,2024,2025,36,49
0,grant,13,2024,2025,241,228
0,dylan,13,2024,2025,28,41
0,ray,13,2024,2025,779,792
0,frederick,13,2024,2025,422,435
0,brady,12,2024,2025,309,321
0,rowan,12,2024,2025,71,59
0,brody,12,2024,2025,224,236
0,ephraim,12,2024,2025,976,988
0,alistair,12,2024,2025,909,897
0,camden,12,2024,2025,193,205
0,gunner,12,2024,2025,518,506
0,kairo,12,2024,2025,238,226
0,hank,12,2024,2025,425,413
0,zahir,12,2024,2025,750,738
0,briar,12,2024,2025,698,686
0,ryan,12,2024,2025,87,99
0,elias,12,2024,2025,25,13
0,lawrence,12,2024,2025,508,520
0,eli,12,2024,2025,92,104
0,zayden,12,2024,2025,202,214
0,abel,11,2024,2025,220,231
0,tripp,11,2024,2025,511,522
0,milan,11,2024,2025,231,242
0,matias,11,2024,2025,159,170
0,nikolai,11,2024,2025,594,605
0,drew,11,2024,2025,542,553
0,leif,11,2024,2025,928,917
0,jayden,11,2024,2025,59,70
0,lane,11,2024,2025,261,250
0,lee,11,2024,2025,716,727
0,maximo,11,2024,2025,591,580
0,ezequiel,10,2024,2025,338,348
0,evan,10,2024,2025,143,153
0,casey,10,2024,2025,310,320
0,zion,10,2024,2025,152,142
0,kayden,10,2024,2025,125,135
0,amir,10,2024,2025,95,105
0,aden,10,2024,2025,998,1008
0,asa,10,2024,2025,473,483
0,donovan,10,2024,2025,506,496
0,cameron,10,2024,2025,66,76
0,duke,10,2024,2025,705,695
0,avi,10,2024,2025,842,832
0,nikolas,10,2024,2025,729,719
0,roman,10,2024,2025,52,42
0,ronan,10,2024,2025,257,247
0,santino,10,2024,2025,363,353
0,zain,10,2024,2025,557,567
0,silas,10,2024,2025,81,71
0,kenneth,10,2024,2025,284,294
0,case,10,2024,2025,723,733
0,ivan,10,2024,2025,153,163
0,caden,10,2024,2025,211,201
0,azael,10,2024,2025,655,645
0,sawyer,9,2024,2025,131,122
0,misael,9,2024,2025,725,734
0,rayan,9,2024,2025,579,588
0,joshua,9,2024,2025,57,66
0,deacon,9,2024,2025,552,561
0,beau,9,2024,2025,69,60
0,luca,9,2024,2025,23,14
0,caleb,9,2024,2025,49,58
0,armando,9,2024,2025,565,556
0,ronin,9,2024,2025,495,504
0,malik,9,2024,2025,428,437
0,jesus,9,2024,2025,164,173
0,luka,9,2024,2025,94,85
0,damien,9,2024,2025,343,352
0,waylon,9,2024,2025,65,56
0,orion,9,2024,2025,325,334
0,alejandro,9,2024,2025,186,195
0,valentino,9,2024,2025,453,444
0,jayceon,9,2024,2025,620,629
0,graham,9,2024,2025,129,120
0,ashton,9,2024,2025,188,197
0,kyrie,9,2024,2025,235,244
0,matteo,8,2024,2025,138,146
0,stephen,8,2024,2025,375,383
0,eren,8,2024,2025,874,882
0,jett,8,2024,2025,161,169
0,remy,8,2024,2025,400,408
0,desmond,8,2024,2025,368,376
0,wylder,8,2024,2025,679,671
0,danny,8,2024,2025,636,628
0,imran,8,2024,2025,977,969
0,cason,8,2024,2025,854,846
0,ian,8,2024,2025,75,83
0,julien,8,2024,2025,701,709
0,mordechai,8,2024,2025,959,967
0,colt,8,2024,2025,277,285
0,logan,8,2024,2025,45,53
0,ibrahim,8,2024,2025,359,351
0,lucien,8,2024,2025,907,899
0,gideon,8,2024,2025,329,337
0,colin,8,2024,2025,335,343
0,khalil,8,2024,2025,392,384
0,asher,8,2024,2025,20,28
0,everett,8,2024,2025,85,77
0,finn,8,2024,2025,198,206
0,calvin,8,2024,2025,140,132
0,maddox,7,2024,2025,217,210
0,zymir,7,2024,2025,953,946
0,christopher,7,2024,2025,61,68
0,philip,7,2024,2025,521,528
0,reid,7,2024,2025,300,293
0,easton,7,2024,2025,103,110
0,leonardo,7,2024,2025,84,91
0,nicolas,7,2024,2025,184,177
0,dakota,7,2024,2025,326,319
0,declan,7,2024,2025,132,139
0,boston,7,2024,2025,627,620
0,tatum,7,2024,2025,195,202
0,hayden,7,2024,2025,154,161
0,onyx,7,2024,2025,358,365
0,stanley,7,2024,2025,870,863
0,alvaro,7,2024,2025,770,777
0,anderson,7,2024,2025,356,363
0,albert,7,2024,2025,607,614
0,maxwell,7,2024,2025,182,189
0,huxley,7,2024,2025,743,736
0,miles,7,2024,2025,37,44
0,muhammad,7,2024,2025,246,239
0,emir,7,2024,2025,558,551
0,ezra,7,2024,2025,13,20
0,august,7,2024,2025,88,81
0,rodrigo,7,2024,2025,485,492
0,ricardo,7,2024,2025,373,380
0,ezekiel,7,2024,2025,54,61
0,oscar,7,2024,2025,216,223
0,kash,7,2024,2025,293,286
0,jonathan,6,2024,2025,83,89
0,xavier,6,2024,2025,102,108
0,daniel,6,2024,2025,16,22
0,ari,6,2024,2025,399,393
0,solomon,6,2024,2025,416,422
0,crew,6,2024,2025,250,256
0,allen,6,2024,2025,572,578
0,kyson,6,2024,2025,465,471
0,isaac,6,2024,2025,41,47
0,wesley,6,2024,2025,58,52
0,gabriel,6,2024,2025,43,37
0,harvey,6,2024,2025,245,251
0,julian,5,2024,2025,30,25
0,atticus,5,2024,2025,276,281
0,bryson,5,2024,2025,147,152
0,ares,5,2024,2025,295,290
0,emery,5,2024,2025,820,815
0,iker,5,2024,2025,385,390
0,reece,5,2024,2025,455,460
0,jeremiah,5,2024,2025,93,88
0,harrison,5,2024,2025,121,116
0,thiago,5,2024,2025,55,50
0,colton,5,2024,2025,98,103
0,max,5,2024,2025,175,180
0,peter,5,2024,2025,192,187
0,chris,5,2024,2025,651,646
0,andrew,5,2024,2025,68,73
0,austin,5,2024,2025,108,113
0,ignacio,5,2024,2025,825,830
0,nicholas,5,2024,2025,117,112
0,johnathan,5,2024,2025,513,508
0,hudson,5,2024,2025,22,17
0,hezekiah,5,2024,2025,490,485
0,thomas,5,2024,2025,39,34
0,parker,5,2024,2025,97,102
0,ethan,5,2024,2025,19,24
0,jettson,5,2024,2025,829,824
0,abraham,5,2024,2025,204,209
0,owen,5,2024,2025,26,31
0,dallas,5,2024,2025,243,238
0,kashton,5,2024,2025,395,400
0,leo,5,2024,2025,24,19
0,angel,4,2024,2025,63,67
0,felix,4,2024,2025,179,175
0,david,4,2024,2025,31,35
0,vincent,4,2024,2025,111,107
0,lincoln,4,2024,2025,73,69
0,antonio,4,2024,2025,180,176
0,timothy,4,2024,2025,207,203
0,rafael,4,2024,2025,222,218
0,edward,4,2024,2025,228,224
0,dawson,4,2024,2025,139,143
0,zayn,4,2024,2025,249,253
0,garrett,4,2024,2025,560,564
0,micah,4,2024,2025,86,90
0,collin,4,2024,2025,489,493
0,ambrose,4,2024,2025,739,735
0,reed,4,2024,2025,423,419
0,harold,4,2024,2025,989,993
0,messiah,4,2024,2025,203,207
0,kade,4,2024,2025,345,349
0,jasper,4,2024,2025,133,129
0,walker,4,2024,2025,82,78
0,jay,4,2024,2025,396,392
0,jose,4,2024,2025,91,95
0,nathaniel,4,2024,2025,144,140
0,jared,3,2024,2025,393,396
0,tobias,3,2024,2025,280,283
0,grayson,3,2024,2025,48,51
0,andres,3,2024,2025,197,200
0,alfred,3,2024,2025,837,840
0,steven,3,2024,2025,268,271
0,george,3,2024,2025,123,126
0,michael,3,2024,2025,18,21
0,khalid,3,2024,2025,937,940
0,wade,3,2024,2025,341,344
0,elliott,3,2024,2025,163,160
0,mason,3,2024,2025,42,39
0,bo,3,2024,2025,452,449
0,joseph,3,2024,2025,32,29
0,santiago,3,2024,2025,29,26
0,alexander,3,2024,2025,27,30
0,otto,3,2024,2025,274,277
0,troy,3,2024,2025,530,533
0,jimmy,3,2024,2025,850,847
0,maximilian,3,2024,2025,587,590
0,charles,3,2024,2025,51,48
0,leon,3,2024,2025,141,138
0,jacob,3,2024,2025,40,43
0,gael,3,2024,2025,89,86
0,brooks,3,2024,2025,67,64
0,nehemiah,3,2024,2025,426,429
0,emilio,3,2024,2025,151,154
0,sam,3,2024,2025,650,647
0,victor,3,2024,2025,214,211
0,kamari,2,2024,2025,389,391
0,braxton,2,2024,2025,170,172
0,anthony,2,2024,2025,44,46
0,hunter,2,2024,2025,128,130
0,saul,2,2024,2025,559,557
0,kiaan,2,2024,2025,927,925
0,marcus,2,2024,2025,256,258
0,robert,2,2024,2025,90,92
0,johnny,2,2024,2025,456,458
0,enzo,2,2024,2025,74,72
0,jonah,2,2024,2025,126,128
0,john,2,2024,2025,21,23
0,krue,2,2024,2025,935,937
0,arlo,2,2024,2025,146,148
0,uriah,2,2024,2025,652,650
0,eliel,2,2024,2025,584,586
0,esteban,2,2024,2025,459,461
0,sebastian,2,2024,2025,14,16
0,jairo,2,2024,2025,933,935
0,jayce,2,2024,2025,169,167
0,emmett,2,2024,2025,119,121
0,dennis,2,2024,2025,709,707
0,emmanuel,2,2024,2025,181,179
0,franco,2,2024,2025,745,747
0,theo,2,2024,2025,80,82
0,adrian,2,2024,2025,72,74
0,hayes,2,2024,2025,160,162
0,augustine,2,2024,2025,547,545
0,augustus,2,2024,2025,409,407
0,dominic,1,2024,2025,107,106
0,nathan,1,2024,2025,62,63
0,samuel,1,2024,2025,17,18
0,adam,1,2024,2025,100,101
0,richard,1,2024,2025,233,234
0,legacy,1,2024,2025,958,957
0,ace,1,2024,2025,165,164
0,henry,1,2024,2025,6,5
0,lewis,1,2024,2025,432,433
0,ridge,1,2024,2025,529,530
0,jackson,1,2024,2025,35,36
0,luke,1,2024,2025,34,33
0,harry,1,2024,2025,776,775
0,william,1,2024,2025,10,9
0,river,1,2024,2025,112,111
0,giovanni,1,2024,2025,122,123
0,griffin,1,2024,2025,223,222
0,myles,1,2024,2025,99,100
0,mark,1,2024,2025,244,245
0,aaron,1,2024,2025,79,80
0,carter,1,2024,2025,46,45
0,ahmad,1,2024,2025,668,669
0,dorian,1,2024,2025,538,539
0,jude,1,2024,2025,156,155
0,mac,1,2024,2025,697,696
0,alonzo,1,2024,2025,512,511
0,james,1,2024,2025,5,6
0,isaiah,1,2024,2025,56,57
0,jesse,1,2024,2025,185,184
0,josiah,1,2024,2025,53,54
0,elijah,1,2024,2025,8,7
0,lorenzo,1,2024,2025,116,117
0,nolan,1,2024,2025,64,65
0,damian,1,2024,2025,110,109
0,axel,1,2024,2025,78,79
0,matthew,1,2024,2025,33,32
0,rome,1,2024,2025,451,452
0,lucas,1,2024,2025,9,10
0,mohammed,1,2024,2025,596,595
0,milo,1,2024,2025,120,119
0,elliot,1,2024,2025,150,151
0,mateo,1,2024,2025,7,8
0,grady,1,2024,2025,372,373
0,ryder,1,2024,2025,134,133
0,ryker,0,2024,2025,183,183
0,emory,0,2024,2025,883,883
0,noah,0,2024,2025,2,2
0,beckham,0,2024,2025,168,168
0,oliver,0,2024,2025,3,3
0,jace,0,2024,2025,114,114
0,joel,0,2024,2025,219,219
0,omar,0,2024,2025,260,260
0,judah,0,2024,2025,178,178
0,liam,0,2024,2025,1,1
0,leonidas,0,2024,2025,510,510
0,paul,0,2024,2025,262,262
0,theodore,0,2024,2025,4,4
0,bruce,0,2024,2025,536,536
0,jack,0,2024,2025,15,15
0,carson,0,2024,2025,124,124
0,levi,0,2024,2025,12,12
0,benjamin,0,2024,2025,11,11
0,wyatt,0,2024,2025,38,38
